4294967294,5
4294967293,131
4294967293,130
4294967293,129
4294967293,128
4294967293,127
4294967293,126
4294967293,125
4294967293,124
4294967293,123
4294967293,122
4294967293,121
4294967293,120
4294967293,119
4294967293,118
4294967293,117
4294967293,116
4294967293,115
4294967293,114
4294967293,113
4294967293,112
4294967293,111
4294967293,110
4294967293,109
4294967293,108
4294967293,107
4294967293,106
4294967293,105
4294967293,104
4294967293,103
4294967293,102
4294967293,101
4294967293,100
4294967293,99
4294967293,98
4294967293,97
4294967293,96
4294967293,95
4294967293,94
4294967293,93
4294967293,92
4294967293,91
4294967293,90
4294967293,89
4294967293,87
4294967293,86
4294967293,85
4294967293,84
4294967293,83
4294967293,82
4294967293,81
4294967293,80
4294967293,79
4294967293,78
4294967293,77
4294967293,76
4294967293,75
4294967293,74
4294967293,73
4294967293,72
4294967293,71
4294967293,70
4294967293,69
4294967293,68
4294967293,67
4294967293,66
4294967293,65
4294967293,64
4294967293,63
4294967293,62
4294967293,61
4294967293,60
4294967293,59
4294967293,58
4294967293,57
4294967293,56
4294967293,55
4294967293,54
4294967293,53
4294967293,52
4294967293,51
4294967293,50
4294967293,49
4294967293,48
4294967293,47
4294967293,46
4294967293,45
4294967293,44
4294967293,43
4294967293,42
4294967293,41
4294967293,40
4294967293,39
4294967293,38
4294967293,37
4294967293,36
4294967293,35
4294967293,34
4294967293,33
4294967293,32
4294967293,31
4294967293,30
4294967293,29
4294967293,28
4294967293,27
4294967293,26
4294967293,25
4294967293,24
4294967293,23
4294967293,22
4294967293,21
4294967293,20
4294967293,19
4294967293,18
4294967293,17
4294967293,16
4294967293,15
4294967293,14
4294967293,13
4294967293,12
4294967293,11
4294967293,10
4294967293,9
4294967293,8
4294967293,7
4294967293,6
4294967293,5
4294967293,4
4294967293,3
4294967278,306
4294967278,383
4294967278,132
4294967278,255
4294967278,131
4294967278,337
4294967278,130
4294967278,397
4294967278,129
4294967278,254
4294967278,128
4294967278,362
4294967278,127
4294967278,381
4294967278,126
4294967278,446
4294967278,125
4294967278,304
4294967278,333
4294967278,124
4294967278,251
4294967278,123
4294967278,250
4294967278,122
4294967278,361
4294967278,121
4294967278,331
4294967278,120
4294967278,246
4294967278,119
4294967278,244
4294967278,118
4294967278,319
4294967278,116
4294967278,115
4294967278,318
4294967278,114
4294967278,300
4294967278,434
4294967278,113
4294967278,112
4294967278,111
4294967278,230
4294967278,110
4294967278,325
4294967278,109
4294967278,108
4294967278,107
4294967278,299
4294967278,412
4294967278,106
4294967278,105
4294967278,104
4294967278,103
4294967278,102
4294967278,433
4294967278,101
4294967278,431
4294967278,100
4294967278,99
4294967278,98
4294967278,97
4294967278,96
4294967278,95
4294967278,355
4294967278,94
4294967278,93
4294967278,92
4294967278,91
4294967278,90
4294967278,321
4294967278,89
4294967278,87
4294967278,296
4294967278,86
4294967278,85
4294967278,84
4294967278,83
4294967278,82
4294967278,294
4294967278,81
4294967278,293
4294967278,80
4294967278,309
4294967278,443
4294967278,79
4294967278,78
4294967278,354
4294967278,77
4294967278,76
4294967278,75
4294967278,74
4294967278,441
4294967278,73
4294967278,72
4294967278,71
4294967278,70
4294967278,68
4294967278,308
4294967278,289
4294967278,67
4294967278,66
4294967278,65
4294967278,64
4294967278,63
4294967278,62
4294967278,290
4294967278,61
4294967278,378
4294967278,60
4294967278,59
4294967278,303
4294967278,58
4294967278,302
4294967278,57
4294967278,56
4294967278,55
4294967278,402
4294967278,54
4294967278,53
4294967278,340
4294967278,52
4294967278,418
4294967278,51
4294967278,330
4294967278,50
4294967278,307
4294967278,49
4294967278,401
4294967278,48
4294967278,349
4294967278,47
4294967278,447
4294967278,44
4294967278,403
4294967278,43
4294967278,372
4294967278,42
4294967278,41
4294967278,345
4294967278,40
4294967278,240
4294967278,36
4294967278,352
4294967278,35
4294967278,274
4294967278,34
4294967278,375
4294967278,30
4294967278,374
4294967278,29
4294967278,28
4294967278,26
4294967278,25
4294967278,24
4294967278,23
4294967278,343
4294967278,22
4294967278,437
4294967278,21
4294967278,20
4294967278,17
4294967278,342
4294967278,16
4294967278,341
4294967278,15
4294967278,236
4294967278,232
4294967278,12
4294967278,11
4294967278,386
4294967278,10
4294967278,9
4294967278,384
4294967278,8
4294967278,88
4294967278,228
4294967278,260
4294967278,6
4294967278,5
4294967278,280
4294967278,0
4294967278,347
4294967278,4
4294967279,381
4294967279,132
4294967279,332
4294967279,131
4294967279,329
4294967279,125
4294967279,560
4294967279,429
4294967279,124
4294967279,247
4294967279,119
4294967279,245
4294967279,118
4294967279,559
4294967279,558
4294967279,557
4294967279,440
4294967279,81
4294967279,394
4294967279,80
4294967279,79
4294967279,78
4294967279,77
4294967279,76
4294967279,315
4294967279,74
4294967279,520
4294967279,73
4294967279,72
4294967279,71
4294967279,555
4294967279,67
4294967279,66
4294967279,65
4294967279,64
4294967279,431
4294967279,61
4294967279,535
4294967279,60
4294967279,59
4294967279,58
4294967279,57
4294967279,53
4294967279,52
4294967279,51
4294967279,406
4294967279,50
4294967279,47
4294967279,46
4294967279,45
4294967279,370
4294967279,44
4294967279,387
4294967279,43
4294967279,338
4294967279,41
4294967279,40
4294967279,544
4294967279,422
4294967279,39
4294967279,303
4294967279,37
4294967279,36
4294967279,34
4294967279,367
4294967279,33
4294967279,404
4294967279,31
4294967279,426
4294967279,30
4294967279,534
4294967279,526
4294967279,28
4294967279,27
4294967279,138
4294967279,26
4294967279,364
4294967279,25
4294967279,24
4294967279,23
4294967279,22
4294967279,434
4294967279,21
4294967279,274
4294967279,20
4294967279,19
4294967279,18
4294967279,382
4294967279,17
4294967279,269
4294967279,16
4294967279,15
4294967279,420
4294967279,14
4294967279,13
4294967279,348
4294967279,12
4294967279,286
4294967279,11
4294967279,10
4294967279,0
4294967279,260
4294967279,9
4294967279,8
4294967279,7
4294967279,6
4294967279,5
4294967279,4
4294967294,453
4294967294,8
4294967294,1133
4294967294,1132
4294967294,1131
4294967294,1130
4294967294,1129
4294967294,1128
4294967294,1430
4294967294,1127
4294967294,1126
4294967294,1125
4294967294,1124
4294967294,1428
4294967294,1123
4294967294,1122
4294967294,1121
4294967294,1120
4294967294,1119
4294967294,1118
4294967294,1117
4294967294,1116
4294967294,1115
4294967294,1114
4294967294,1007
4294967294,601
4294967294,1501
4294967294,841
4294967294,1006
4294967294,1008
4294967294,413
4294967294,1505
4294967294,455
4294967294,1001
4294967294,407
4294967294,588
4294967294,1113
4294967294,1089
4294967294,1088
4294967294,1425
4294967294,996
4294967294,600
4294967294,1492
4294967294,417
4294967294,468
4294967294,983
4294967278,329
4294967279,413
4294967279,554
4294967278,373
4294967279,430
4294967279,365
4294967279,384
4294967278,283
4294967279,275
4294967279,362
4294967279,383
4294967279,421
4294967279,543
4294967279,360
4294967279,359
4294967279,553
4294967279,283
4294967279,419
4294967279,385
4294967279,263
4294967279,278
4294967278,226
4294967279,530
4294967278,360
4294967279,552
4294967278,224
4294967279,541
4294967279,551
4294967278,278
4294967279,550
4294967278,222
4294967278,218
4294967278,266
4294967278,380
4294967278,326
4294967278,430
4294967278,357
4294967279,549
4294967278,323
4294967278,220
4294967278,216
4294967279,405
4294967279,393
4294967278,379
4294967279,540
4294967279,548
4294967278,440
4294967279,432
4294967278,406
4294967279,345
4294967278,351
4294967279,539
4294967279,537
4294967279,546
4294967279,341
4294967279,307
4294967279,368
4294967279,366
4294967279,536
4294967279,312
4294967278,377
4294967279,545
4294967294,1061
4294967294,1021
4294967294,53
4294967294,51
4294967294,120
4294967294,44
4294967294,99
1,3
1,0
4294967294,478
4294967294,394
4294967294,24
4294967294,1506
4294967294,472
4294967294,471
4294967294,104
4294967294,106
4294967294,463
4294967294,300
4294967294,299
4294967294,298
4294967294,297
4294967294,296
4294967294,295
4294967294,294
4294967294,293
4294967294,292
4294967294,291
4294967294,290
4294967294,289
4294967294,288
4294967294,287
4294967294,157
4294967294,286
4294967294,285
4294967294,284
4294967294,283
